name: AIS26
channels:
  - defaults
  - conda-forge
dependencies:
  - attrs=25.4.0=py314haa95532_2
  - blas=1.0=mkl
  - blinker=1.9.0=py314haa95532_1
  - bzip2=1.0.8=h2bbff1b_6
  - ca-certificates=2025.12.2=haa95532_0
  - click=8.2.1=py314haa95532_1
  - colorama=0.4.6=py314haa95532_0
  - compas=2.15.0=pyhd8ed1ab_0
  - flask=3.1.3=py314haa95532_0
  - icc_rt=2022.1.0=h6049295_2
  - intel-openmp=2025.0.0=haa95532_1164
  - itsdangerous=2.2.0=py314haa95532_0
  - jinja2=3.1.6=py314haa95532_0
  - jsonschema=4.25.1=py314haa95532_0
  - jsonschema-specifications=2025.9.1=py314haa95532_0
  - libexpat=2.7.4=hd7fb8db_0
  - libffi=3.4.4=hd77b12b_1
  - libhwloc=2.12.1=default_hfa10c62_1000
  - libiconv=1.18=hc89ec93_0
  - libmpdec=4.0.0=h827c3e9_0
  - libxml2=2.13.9=h6201b9f_0
  - libzlib=1.3.1=h02ab6af_0
  - lz4-c=1.9.4=h2bbff1b_1
  - mkl=2025.0.0=h5da7b33_930
  - mkl-service=2.5.2=py314h0b37514_0
  - mkl_fft=2.1.1=py314h281c9fe_0
  - mkl_random=1.3.0=py314hdbada53_0
  - networkx=3.6.1=py314haa95532_0
  - numpy=2.4.2=py314hbda910b_0
  - numpy-base=2.4.2=py314h11a47e0_0
  - openssl=3.5.5=hbb43b14_0
  - packaging=25.0=py314haa95532_1
  - pip=26.0.1=pyhc872135_0
  - python=3.14.3=h653fc63_101_cp314
  - python_abi=3.14=2_cp314
  - pyyaml=6.0.3=py314hb9a58be_0
  - referencing=0.37.0=py314haa95532_0
  - rpds-py=0.28.0=py314h114bc41_0
  - setuptools=80.10.2=py314haa95532_0
  - sqlite=3.51.1=hda9a48d_0
  - tbb=2022.3.0=h90c84d6_0
  - tbb-devel=2022.3.0=h90c84d6_0
  - tk=8.6.15=hf199647_0
  - tzdata=2025c=he532380_0
  - ucrt=10.0.22621.0=haa95532_0
  - vc=14.3=h2df5915_10
  - vc14_runtime=14.44.35208=h4927774_10
  - vs2015_runtime=14.44.35208=ha6b5a95_10
  - watchdog=6.0.0=py314haa95532_0
  - werkzeug=3.1.3=py314haa95532_0
  - wheel=0.46.3=py314haa95532_0
  - xz=5.6.4=h4754444_1
  - yaml=0.2.5=he774522_0
  - zlib=1.3.1=h02ab6af_0
  - zstd=1.5.7=h56299aa_0
  - pip:
      - annotated-types==0.7.0
      - bidict==0.23.1
      - certifi==2026.2.25
      - cffi==2.0.0
      - charset-normalizer==3.4.4
      - contourpy==1.3.3
      - cryptography==46.0.5
      - cycler==0.12.1
      - decorator==4.4.2
      - filelock==3.24.3
      - flask-socketio==5.6.1
      - flatbuffers==25.12.19
      - fonttools==4.61.1
      - fsspec==2026.2.0
      - h11==0.16.0
      - idna==3.11
      - imageio==2.37.3
      - imageio-ffmpeg==0.6.0
      - instagrapi==2.3.0
      - kiwisolver==1.4.9
      - markupsafe==3.0.3
      - matplotlib==3.10.8
      - ml-dtypes==0.5.4
      - moviepy==1.0.3
      - mpmath==1.3.0
      - onnx==1.20.1
      - onnxruntime-gpu==1.24.3
      - onnxslim==0.1.87
      - opencv-python==4.13.0.92
      - pillow==12.1.1
      - polars==1.38.1
      - polars-runtime-32==1.38.1
      - proglog==0.1.12
      - protobuf==7.34.0
      - psutil==7.2.2
      - pycparser==3.0
      - pycryptodomex==3.23.0
      - pydantic==2.12.5
      - pydantic-core==2.41.5
      - pyparsing==3.3.2
      - pysocks==1.7.1
      - python-dateutil==2.9.0.post0
      - python-engineio==4.13.1
      - python-socketio==5.16.1
      - qrcode==8.2
      - requests==2.32.5
      - scipy==1.17.1
      - simple-websocket==1.1.0
      - six==1.17.0
      - sympy==1.14.0
      - torch==2.10.0+cu130
      - torchaudio==2.10.0+cu130
      - torchvision==0.25.0+cu130
      - tqdm==4.67.3
      - typing-extensions==4.15.0
      - typing-inspection==0.4.2
      - ultralytics==8.4.18
      - ultralytics-thop==2.0.18
      - urllib3==2.6.3
      - wsproto==1.3.2
